32764.1
32764.096
32764.1
32764.096
32764.1
32764.094
32764.1
32764.096
32764.09
32764.094
32764.09
32764.086
32764.078
32764.078
32764.086
32764.096
32764.086
32764.09
32764.086
32764.078
32764.076
32764.09
32764.09
32764.086
32764.09
32764.09
32764.094
32764.09
32764.082
32764.094
32764.094
32764.096
32764.09
32764.094
32764.09
32764.094
32764.094
32764.094
32764.086
32764.082
32764.094
32764.086
32764.09
32764.096
32764.09
32764.086
32764.086
32764.086
32764.094
32764.09
32764.082
32764.076
32764.078
32764.09
32764.086
32764.082
32764.09
32764.086
32764.082
32764.1
32764.094
32764.09
32764.096
32764.096
32764.086
32764.096
32764.09
32764.086
32764.09
32764.09
32764.086
32764.1
32764.094
32764.09
32764.082
32764.094
32764.086
32764.096
32764.09
32764.094
32764.09
32764.086
32764.096
32764.094
32764.094
32764.09
32764.086
32764.082
32764.094
32764.096
32764.086
32764.094
32764.09
32764.094
32764.082
32764.09
32764.09
32764.082
32764.086
32764.086
32764.082
32764.09
32764.082
32764.076
32764.076
32764.09
32764.086
32764.094
32764.094
32764.09
32764.09
32764.086
32764.09
32764.086
32764.096
32764.09
32764.096
32764.086
32764.078
32764.076
32764.076
32764.086
32764.086
32764.086
32764.086
32764.076
32764.082
32764.082
32764.09
32764.082
32764.086
32764.082
32764.076
32764.078
32764.086
32764.09
32764.09
32764.086
32764.082
32764.094
32764.094
32764.082
32764.082
32764.09
32764.09
32764.104
32764.104
32764.107
32764.1
32764.094
32764.1
32764.104
32764.111
32764.1
32764.111
32764.104
32764.107
32764.104
32764.104
32764.094
32764.09
32764.094
32764.086
32764.096
32764.096
32764.09
32764.094
32764.094
32764.086
32764.078
32764.094
32764.086
32764.09
32764.082
32764.078
32764.09
32764.086
32764.078
32764.086
32764.09
32764.082
32764.076
32764.09
32764.086
32764.078
32764.078
32764.082
32764.086
32764.086
32764.082
32764.086
32764.1
32764.09
32764.09
32764.086
32764.086
32764.086
32764.09
32764.094
32764.094
32764.09
32764.094
32764.086
32764.086
32764.078
32764.09
32764.086
32764.09
32764.094
32764.086
32764.094
32764.096
32764.096
32764.09
32764.09
32764.086
32764.096
32764.096
32764.09
32764.09
32764.09
32764.082
32764.086
32764.086
32764.082
32764.09
32764.086
32764.082
32764.09
32764.094
32764.09
32764.096
32764.094
32764.086
32764.094
32764.09
32764.094
32764.086
32764.078
32764.09
32764.086
32764.086
32764.096
32764.094
32764.09
32764.09
32764.094
32764.082
32764.086
32764.078
32764.072
32764.076
32764.078
32764.072
32764.082
32764.086
32764.082
32764.09
32764.082
32764.076
32764.09
32764.082
32764.078
32764.086
32764.086
32764.086
32764.082
32764.086
32764.086
32764.09
32764.086
32764.086
32764.09
32764.09
32764.082
32764.09
32764.094
32764.082
32764.078
32764.086
32764.09
32764.094
32764.082
32764.078
32764.086
32764.086
32764.082
32764.078
32764.082
32764.078
32764.072
32764.078
32764.072
32764.072
32764.078
32764.082
32764.082
32764.086
32764.082
32764.076
32764.082
32764.076
32764.078
32764.082
32764.082
